
=== yes_line_8 (real_L1 mean U_AW = -14.58) ===
--- L0 (mean U_AW = -5.91) ---
 run                    order  agent_1  agent_2  agent_3  agent_4  agent_5  agent_6  agent_7  agent_8
   1 [7, 2, 5, 6, 3, 8, 1, 4]       29       31       97      131      112       69       81      142
   2 [6, 7, 3, 5, 1, 4, 8, 2]       36       54       70       87       62       97      126      116
   3 [7, 4, 3, 1, 5, 2, 6, 8]       28       37       70       62      137       90      109      117
   4 [5, 2, 3, 4, 6, 1, 8, 7]       48       43       65      112       83      108       55      123
   5 [5, 4, 7, 2, 1, 6, 8, 3]       39       51      132       99       76      117       77      152
--- L1 heuristic (mean U_AW = -4.87) ---
 run                    order  agent_1  agent_2  agent_3  agent_4  agent_5  agent_6  agent_7  agent_8
   1 [7, 2, 5, 6, 3, 8, 1, 4]       28       39       62       46       86      106      107       81
   2 [6, 7, 3, 5, 1, 4, 8, 2]       49       41       96       82      112       53       71      121
   3 [7, 4, 3, 1, 5, 2, 6, 8]       32       54       43      101       61      129       74       96
   4 [5, 2, 3, 4, 6, 1, 8, 7]       36       50       72       77      105      107      137      139
   5 [5, 4, 7, 2, 1, 6, 8, 3]       29       45       51       68       94       75       98      113
--- real L1 (mean U_AW = -14.58) ---
 run                    order  agent_1  agent_2  agent_3  agent_4  agent_5  agent_6  agent_7  agent_8
   1 [7, 2, 5, 6, 3, 8, 1, 4]       80       74      142      186      148      111      166      241
   2 [6, 7, 3, 5, 1, 4, 8, 2]       61       53       72      119      180      110      149      185
   3 [7, 4, 3, 1, 5, 2, 6, 8]       49       82      152      164       98      127      121      229
   4 [5, 2, 3, 4, 6, 1, 8, 7]       99      109      154      272      151      216      264      186
   5 [5, 4, 7, 2, 1, 6, 8, 3]       91       86      277      135      157      230      103      255

=== yes_line_E (real_L1 mean U_AW = -10.17) ===
--- L0 (mean U_AW = -17.49) ---
 run                    order  agent_1  agent_2  agent_3  agent_4  agent_5  agent_6  agent_7  agent_8
   1 [2, 3, 8, 4, 7, 6, 1, 5]       50       43       72      109      102      120      121       89
   2 [5, 2, 3, 1, 8, 7, 4, 6]       52       64       71      596      603      583      617      612
   3 [7, 8, 4, 3, 2, 1, 6, 5]       54       83       89       64      116       93      102      110
   4 [6, 3, 8, 5, 2, 4, 1, 7]       57       54       69      241       84      228      269      257
   5 [8, 5, 6, 2, 7, 3, 4, 1]       72       48      119       -1       92       -1       -1      111
--- L1 heuristic (mean U_AW = -3.40) ---
 run                    order  agent_1  agent_2  agent_3  agent_4  agent_5  agent_6  agent_7  agent_8
   1 [2, 3, 8, 4, 7, 6, 1, 5]       50       54       75       91       69       77       98      103
   2 [5, 2, 3, 1, 8, 7, 4, 6]       38       45       75       53       93       82       63       67
   3 [7, 8, 4, 3, 2, 1, 6, 5]       45       44       88      101       55       89       79      107
   4 [6, 3, 8, 5, 2, 4, 1, 7]       43       47       70      103       87       79       97      110
   5 [8, 5, 6, 2, 7, 3, 4, 1]       39       52       55       67       94       86      106       99
--- real L1 (mean U_AW = -10.17) ---
 run                    order  agent_1  agent_2  agent_3  agent_4  agent_5  agent_6  agent_7  agent_8
   1 [2, 3, 8, 4, 7, 6, 1, 5]       69       98       83      104      164      186      150      141
   2 [5, 2, 3, 1, 8, 7, 4, 6]       77       68      138       99      144      182      165      197
   3 [7, 8, 4, 3, 2, 1, 6, 5]       73       91      144      128      182      186      170      102
   4 [6, 3, 8, 5, 2, 4, 1, 7]       58       69       99      114      108      137      198      148
   5 [8, 5, 6, 2, 7, 3, 4, 1]       58       90      181      184      111       73      200      104

=== new_maybe_6 (real_L1 mean U_AW = -10.17) ===
--- L0 (mean U_AW = -5.82) ---
 run                    order  agent_1  agent_2  agent_3  agent_4  agent_5  agent_6  agent_7  agent_8
   1 [8, 2, 3, 1, 4, 5, 7, 6]       53       77       59       67       54       91       74       95
   2 [8, 4, 7, 2, 1, 5, 3, 6]       46       94       46       44       62       69       85       82
   3 [8, 7, 2, 1, 3, 5, 6, 4]       44       64       41       60       80      101       79       62
   4 [1, 2, 8, 7, 6, 5, 4, 3]       45       87       66       55       79       66       76      102
   5 [6, 3, 4, 2, 5, 8, 7, 1]       58       63       43       53       69       66      215      224
--- L1 heuristic (mean U_AW = -3.90) ---
 run                    order  agent_1  agent_2  agent_3  agent_4  agent_5  agent_6  agent_7  agent_8
   1 [4, 3, 1, 7, 2, 6, 8, 5]       44       78       43       65       47       64       71       80
   2 [5, 1, 6, 4, 7, 3, 2, 8]       47       63       42       44       60       83       70       94
   3 [4, 2, 5, 8, 3, 7, 1, 6]       63       90       69       49       70       48       59       81
   4 [1, 4, 3, 5, 6, 8, 2, 7]       54       60       42       55       61       78       71       87
   5 [1, 2, 3, 4, 5, 7, 8, 6]       79       70       40       53       45       63       63       92
--- real L1 (mean U_AW = -10.17) ---
 run                    order  agent_1  agent_2  agent_3  agent_4  agent_5  agent_6  agent_7  agent_8
   1 [7, 6, 2, 1, 4, 5, 3, 8]       62      121       68       69       97       81      114      111
   2 [7, 4, 3, 6, 1, 2, 8, 5]       77       96       51       61       94      161       85      141
   3 [1, 2, 6, 5, 3, 8, 7, 4]       52       -1      136       -1       45      159      184      227
   4 [7, 1, 4, 8, 5, 6, 2, 3]       88      100       63      140      119      174      121      145
   5 [1, 4, 3, 5, 2, 7, 6, 8]       86      114       60       56       72      113      167      125

=== yes_line_9 (real_L1 mean U_AW = -9.87) ===
--- L0 (mean U_AW = -4.55) ---
 run                    order  agent_1  agent_2  agent_3  agent_4  agent_5  agent_6  agent_7  agent_8
   1 [1, 3, 8, 7, 2, 4, 5, 6]       18       34       46       45       66       57       31       17
   2 [8, 4, 6, 2, 7, 1, 3, 5]       46       31       46       63       41       60       29       14
   3 [2, 8, 5, 3, 1, 6, 4, 7]       18       35       43       29       57       49       69       14
   4 [2, 1, 8, 6, 7, 4, 5, 3]       20       30       53       45       70       26       38       14
   5 [8, 6, 5, 3, 2, 1, 4, 7]       20       52       38       95       67       29       57       14
--- L1 heuristic (mean U_AW = -4.29) ---
 run                    order  agent_1  agent_2  agent_3  agent_4  agent_5  agent_6  agent_7  agent_8
   1 [1, 3, 8, 7, 2, 4, 5, 6]       19       50       75       29       85       71       33       14
   2 [8, 4, 6, 2, 7, 1, 3, 5]       17       45       66       30       52       28       41       14
   3 [2, 8, 5, 3, 1, 6, 4, 7]       18       36       49       64       50       68       29       16
   4 [2, 1, 8, 6, 7, 4, 5, 3]       19       39       26       47       58       54       25       14
   5 [8, 6, 5, 3, 2, 1, 4, 7]       21       40       36       47       59       54       33       14
--- real L1 (mean U_AW = -9.87) ---
 run                    order  agent_1  agent_2  agent_3  agent_4  agent_5  agent_6  agent_7  agent_8
   1 [6, 2, 4, 3, 5, 8, 7, 1]       49       29       69       61       46       84      109       14
   2 [8, 3, 4, 5, 1, 2, 6, 7]       21       48      181       65       86       58       31       14
   3 [5, 8, 4, 7, 1, 3, 2, 6]       26      104      101       62       59       78       29       37
   4 [7, 1, 5, 3, 4, 6, 2, 8]       24      114       80       88      107       43       52       28
   5 [3, 4, 5, 2, 8, 7, 6, 1]       29       74       49       28       80      117       44       32

=== 9esque (real_L1 mean U_AW = -8.99) ===
--- L0 (mean U_AW = -3.92) ---
 run                    order  agent_1  agent_2  agent_3  agent_4  agent_5  agent_6  agent_7  agent_8
   1 [8, 3, 5, 2, 7, 4, 6, 1]       16       24       44       51       70       71       34       29
   2 [2, 3, 5, 4, 1, 7, 6, 8]       17       40       29       35       50       37       62       31
   3 [1, 6, 4, 2, 3, 7, 5, 8]       16       19       60       52       55       43       68       27
   4 [1, 5, 6, 3, 8, 2, 7, 4]       19       25       49       75       44       61       33       27
   5 [5, 3, 1, 4, 2, 6, 7, 8]       21       30      197       35      190      176       40      178
--- L1 heuristic (mean U_AW = -2.12) ---
 run                    order  agent_1  agent_2  agent_3  agent_4  agent_5  agent_6  agent_7  agent_8
   1 [8, 3, 5, 2, 7, 4, 6, 1]       14       29       56       51       58       35       45       25
   2 [2, 3, 5, 4, 1, 7, 6, 8]       27       33       47       59       46       78       36       23
   3 [1, 6, 4, 2, 3, 7, 5, 8]       14       26       65       74       63       39       41       36
   4 [1, 5, 6, 3, 8, 2, 7, 4]       35       45       31       59       46       66       80       25
   5 [5, 3, 1, 4, 2, 6, 7, 8]       34       25       21       63       58       65       37       40
--- real L1 (mean U_AW = -8.99) ---
 run                    order  agent_1  agent_2  agent_3  agent_4  agent_5  agent_6  agent_7  agent_8
   1 [8, 3, 5, 2, 7, 4, 6, 1]       71      115       68      138       99       90       95       52
   2 [2, 3, 5, 4, 1, 7, 6, 8]       24       31       75       86       49       59       41       63
   3 [1, 6, 4, 2, 3, 7, 5, 8]       55       94      115      108      123       61       71      114
   4 [1, 5, 6, 3, 8, 2, 7, 4]       16       42       48       46       45       39       69       82
   5 [5, 3, 1, 4, 2, 6, 7, 8]       49      359      108      360       83       52       63       40

=== yes_line_10 (real_L1 mean U_AW = -8.17) ===
--- L0 (mean U_AW = -18.59) ---
 run                    order  agent_1  agent_2  agent_3  agent_4  agent_5  agent_6  agent_7  agent_8
   1 [7, 6, 2, 1, 4, 5, 3, 8]       48       91      124       29      110      151       80      142
   2 [7, 4, 3, 6, 1, 2, 8, 5]       43      654      610       69      957      644      945      640
   3 [1, 2, 6, 5, 3, 8, 7, 4]       49       60       96      103      498      521      455      484
   4 [7, 1, 4, 8, 5, 6, 2, 3]       28       78       60      104       50      138       88      117
   5 [1, 4, 3, 5, 2, 7, 6, 8]       33       53       91       75      125      171      113      192
--- L1 heuristic (mean U_AW = -4.30) ---
 run                    order  agent_1  agent_2  agent_3  agent_4  agent_5  agent_6  agent_7  agent_8
   1 [7, 4, 2, 3, 1, 8, 5, 6]       55       34       60       76      115      133      101       88
   2 [6, 5, 2, 8, 3, 4, 7, 1]       48       74       45      115       62       92      111      133
   3 [6, 7, 8, 1, 2, 5, 4, 3]       39       98      150      119      103      163      141       88
   4 [3, 6, 7, 1, 2, 5, 8, 4]       50       31      102       68       93      133       71      120
   5 [7, 2, 1, 8, 3, 4, 5, 6]       40       64      111       52      142       76       92      127
--- real L1 (mean U_AW = -8.17) ---
 run                    order  agent_1  agent_2  agent_3  agent_4  agent_5  agent_6  agent_7  agent_8
   1 [7, 4, 2, 3, 1, 8, 5, 6]       72       46       92      129      212      179      214      119
   2 [1, 8, 6, 2, 3, 7, 5, 4]       39      131       95      219      149      208      168      150
   3 [8, 4, 2, 3, 1, 7, 6, 5]       52      191       72       43      196      103      132      157
   4 [2, 1, 8, 7, 6, 5, 4, 3]       41       36      106       67      191      177      130      103
   5 [7, 2, 5, 4, 1, 6, 8, 3]       54       89      106      205      156      155      106      217

=== new_maybe_5 (real_L1 mean U_AW = -7.00) ===
--- L0 (mean U_AW = -5.61) ---
 run                    order  agent_1  agent_2  agent_3  agent_4  agent_5  agent_6  agent_7  agent_8
   1 [7, 2, 6, 8, 5, 3, 1, 4]       35       99      151       94      211      235      127      175
   2 [7, 6, 4, 3, 1, 8, 2, 5]       30      188      248       63      163       81      216      160
   3 [5, 2, 4, 3, 8, 1, 6, 7]       30       69      206       91      176      233      264      183
   4 [1, 4, 6, 8, 5, 7, 2, 3]       32      186      134       82      245      111      159      214
   5 [2, 4, 5, 8, 1, 3, 7, 6]       32       64      132       86      191      107      230      162
--- L1 heuristic (mean U_AW = -5.24) ---
 run                    order  agent_1  agent_2  agent_3  agent_4  agent_5  agent_6  agent_7  agent_8
   1 [7, 2, 6, 8, 5, 3, 1, 4]       30      343      367       93      113      316      137      166
   2 [7, 6, 4, 3, 1, 8, 2, 5]       37      159      110       66      195       87      136      221
   3 [5, 2, 4, 3, 8, 1, 6, 7]       32       52      123      151       98       77      178      221
   4 [1, 4, 6, 8, 5, 7, 2, 3]       32      144       75      100       68      122      194      168
   5 [2, 4, 5, 8, 1, 3, 7, 6]       30       82      219      195      137      251       58      112
--- real L1 (mean U_AW = -7.00) ---
 run                    order  agent_1  agent_2  agent_3  agent_4  agent_5  agent_6  agent_7  agent_8
   1 [7, 2, 6, 8, 5, 3, 1, 4]       32       69      346      309      267       89      157      151
   2 [7, 6, 4, 3, 1, 8, 2, 5]       30      122      247       73      211      130      256      213
   3 [5, 2, 4, 3, 8, 1, 6, 7]       42       68      277      203       92      165      236      171
   4 [1, 4, 6, 8, 5, 7, 2, 3]       31       73      134      213       87      185      330      292
   5 [2, 4, 5, 8, 1, 3, 7, 6]       30       93      117      137      186       59      195      312

=== new_maybe_4 (real_L1 mean U_AW = -6.65) ===
--- L0 (mean U_AW = -5.05) ---
 run                    order  agent_1  agent_2  agent_3  agent_4  agent_5  agent_6  agent_7  agent_8
   1 [4, 2, 1, 6, 7, 5, 3, 8]       73       49       30       60       95       92      119      110
   2 [2, 8, 7, 6, 1, 4, 5, 3]       60       42       30       77       87      102      121      118
   3 [5, 6, 4, 1, 8, 7, 2, 3]       41      134       30       61       59       95      119       80
   4 [4, 5, 3, 8, 1, 6, 2, 7]       56       75       30      117       44       81       74      155
   5 [7, 1, 6, 5, 2, 3, 8, 4]       48       43       30       61       77      126      102       91
--- L1 heuristic (mean U_AW = -4.72) ---
 run                    order  agent_1  agent_2  agent_3  agent_4  agent_5  agent_6  agent_7  agent_8
   1 [4, 2, 1, 6, 7, 5, 3, 8]       65       48       53       66      100      111       78       94
   2 [2, 8, 7, 6, 1, 4, 5, 3]       38       56       30       67      126       92      111       83
   3 [5, 6, 4, 1, 8, 7, 2, 3]       45      117       36       72       57       97      127       84
   4 [4, 5, 3, 8, 1, 6, 2, 7]       39       52       35       99       69       86       57      110
   5 [7, 1, 6, 5, 2, 3, 8, 4]       48       86       34      121       55       64       89      104
--- real L1 (mean U_AW = -6.65) ---
 run                    order  agent_1  agent_2  agent_3  agent_4  agent_5  agent_6  agent_7  agent_8
   1 [4, 2, 1, 6, 7, 5, 3, 8]       43       63       30      125      113       90      133      163
   2 [2, 8, 7, 6, 1, 4, 5, 3]       38       57       34      106       86      138      131       59
   3 [5, 6, 4, 1, 8, 7, 2, 3]      189       39       88       80      147       55       95      110
   4 [4, 5, 3, 8, 1, 6, 2, 7]       65       58       30       43       99       82      132      101
   5 [7, 1, 6, 5, 2, 3, 8, 4]      135       40       30      114      171       53       70      108

=== 10esque (real_L1 mean U_AW = -6.45) ===
--- L0 (mean U_AW = -2.27) ---
 run                    order  agent_1  agent_2  agent_3  agent_4  agent_5  agent_6  agent_7  agent_8
   1 [8, 6, 4, 2, 1, 5, 3, 7]       31       68      144       45       96       58       86      130
   2 [2, 5, 1, 4, 3, 7, 6, 8]       28       38      115      100       86       51       62       74
   3 [5, 8, 1, 4, 3, 2, 7, 6]       28       39       54       43       80      103       87       72
   4 [7, 4, 1, 5, 2, 6, 8, 3]       28       35       47       94       68      111       85       81
   5 [5, 3, 4, 2, 6, 8, 1, 7]       25       31       43       74       99       85      115       94
--- L1 heuristic (mean U_AW = -1.81) ---
 run                    order  agent_1  agent_2  agent_3  agent_4  agent_5  agent_6  agent_7  agent_8
   1 [8, 6, 4, 2, 1, 5, 3, 7]       27       33       39       64       91       78       54      108
   2 [2, 5, 1, 4, 3, 7, 6, 8]       34       43       35       65       55       75       95      100
   3 [5, 8, 1, 4, 3, 2, 7, 6]       37       35       77      118       53       61      104       89
   4 [7, 4, 1, 5, 2, 6, 8, 3]       24       38       43      108       57       96       82       74
   5 [5, 3, 4, 2, 6, 8, 1, 7]       24       56       40       89       99       75       60      120
--- real L1 (mean U_AW = -6.45) ---
 run                    order  agent_1  agent_2  agent_3  agent_4  agent_5  agent_6  agent_7  agent_8
   1 [8, 6, 4, 2, 1, 5, 3, 7]       36       75       50      138      185      109      180      141
   2 [2, 5, 1, 4, 3, 7, 6, 8]      132       40       91       78      114      165       92      153
   3 [5, 8, 1, 4, 3, 2, 7, 6]       35       40       63       81      103      194      167      135
   4 [7, 4, 1, 5, 2, 6, 8, 3]       59      129      184       50       98      152       69      203
   5 [5, 3, 4, 2, 6, 8, 1, 7]       44      154       75      165       58      192      108      108

=== yes_line_7 (real_L1 mean U_AW = -5.77) ===
--- L0 (mean U_AW = -2.82) ---
 run                    order  agent_1  agent_2  agent_3  agent_4  agent_5  agent_6  agent_7  agent_8
   1 [8, 2, 7, 6, 1, 5, 4, 3]       19       33       37       54       69       61       54       42
   2 [4, 3, 6, 2, 8, 7, 5, 1]       21       40       37       43       73       51       65       57
   3 [8, 3, 2, 7, 1, 4, 5, 6]       23       39       26       46       50       74       69       64
   4 [2, 1, 4, 7, 6, 3, 8, 5]       19       33       27       41       48       70       55       74
   5 [3, 6, 2, 1, 5, 7, 8, 4]       20       29       27       44       60       50       56       75
--- L1 heuristic (mean U_AW = -2.12) ---
 run                    order  agent_1  agent_2  agent_3  agent_4  agent_5  agent_6  agent_7  agent_8
   1 [8, 2, 7, 6, 1, 5, 4, 3]       25       37       28       45       49       32       60       66
   2 [4, 3, 6, 2, 8, 7, 5, 1]       19       24       48       38       31       57       61       55
   3 [8, 3, 2, 7, 1, 4, 5, 6]       21       23       31       46       40       64       56       71
   4 [2, 1, 4, 7, 6, 3, 8, 5]       23       26       37       35       55       58       44       48
   5 [3, 6, 2, 1, 5, 7, 8, 4]       21       37       27       56       62       38       69       54
--- real L1 (mean U_AW = -5.77) ---
 run                    order  agent_1  agent_2  agent_3  agent_4  agent_5  agent_6  agent_7  agent_8
   1 [7, 4, 2, 3, 1, 8, 5, 6]       21       36       89       50       25       90       82       54
   2 [6, 5, 2, 8, 3, 4, 7, 1]       27       71       59       37       46       77      104      119
   3 [6, 7, 8, 1, 2, 5, 4, 3]       17      117       41       83       56       69       61       87
   4 [3, 6, 7, 1, 2, 5, 8, 4]       17       63       36       36      165       68       55      129
   5 [7, 2, 1, 8, 3, 4, 5, 6]       24       26       32       66      101       80       49       74

=== yes_line_B (real_L1 mean U_AW = -4.48) ===
--- L0 (mean U_AW = -2.76) ---
 run                    order  agent_1  agent_2  agent_3  agent_4  agent_5  agent_6  agent_7  agent_8
   1 [1, 5, 4, 6, 7, 8, 3, 2]       40       48      102       53       93       63       74       46
   2 [4, 6, 5, 8, 7, 1, 3, 2]       53       44       80       72      107       79       89       40
   3 [1, 3, 8, 6, 7, 5, 2, 4]       41       47       83       74       93       88       58       47
   4 [6, 3, 5, 7, 1, 2, 8, 4]       41       55       62      138      154      162       86       39
   5 [5, 4, 8, 6, 1, 3, 2, 7]       48       55       71       62      105       89       56       46
--- L1 heuristic (mean U_AW = -2.27) ---
 run                    order  agent_1  agent_2  agent_3  agent_4  agent_5  agent_6  agent_7  agent_8
   1 [1, 5, 4, 6, 7, 8, 3, 2]       77       95       86      122       60       82       70       46
   2 [4, 6, 5, 8, 7, 1, 3, 2]       60       41       70       75       87       56      100       46
   3 [1, 3, 8, 6, 7, 5, 2, 4]       51       42       76       83       88       99       63       46
   4 [6, 3, 5, 7, 1, 2, 8, 4]       37       45       55       80       88       84       57       52
   5 [5, 4, 8, 6, 1, 3, 2, 7]       40       51       47       86       91       59       85       48
--- real L1 (mean U_AW = -4.48) ---
 run                    order  agent_1  agent_2  agent_3  agent_4  agent_5  agent_6  agent_7  agent_8
   1 [1, 5, 4, 6, 7, 8, 3, 2]       41       63       83       77      105      125       76       56
   2 [4, 6, 5, 8, 7, 1, 3, 2]       71      148       -1       -1      125      117       76       44
   3 [1, 3, 8, 6, 7, 5, 2, 4]       39       87       80      135      112       97      128       71
   4 [6, 3, 5, 7, 1, 2, 8, 4]       37       71       69       86       84       90      113       69
   5 [5, 4, 8, 6, 1, 3, 2, 7]       65      113      125      103      134       93       75       45

=== yes_line_F (real_L1 mean U_AW = -4.16) ===
--- L0 (mean U_AW = -17.32) ---
 run                    order  agent_1  agent_2  agent_3  agent_4  agent_5  agent_6  agent_7  agent_8
   1 [5, 4, 6, 7, 3, 2, 8, 1]       33      329       44      448      345       85       60       34
   2 [7, 4, 3, 1, 2, 5, 8, 6]       26      170      339      356      375      194       61       35
   3 [4, 3, 5, 8, 7, 2, 6, 1]       43       78       92      121      103       91       67       34
   4 [2, 1, 5, 7, 6, 8, 3, 4]       43       58       68       90       87      113       65       34
   5 [3, 7, 8, 6, 1, 2, 5, 4]      293      327      344      318      312      352      211       39
--- L1 heuristic (mean U_AW = -1.98) ---
 run                    order  agent_1  agent_2  agent_3  agent_4  agent_5  agent_6  agent_7  agent_8
   1 [5, 4, 6, 7, 3, 2, 8, 1]       28       60       46       82       87      106       57       35
   2 [7, 4, 3, 1, 2, 5, 8, 6]       27       40       57       77       91       55       79       34
   3 [4, 3, 5, 8, 7, 2, 6, 1]       28       61       81       78       46       94       57       34
   4 [2, 1, 5, 7, 6, 8, 3, 4]       34       55       38       73       82       94       57       36
   5 [3, 7, 8, 6, 1, 2, 5, 4]       26       66      100       48       76       60       85       34
--- real L1 (mean U_AW = -4.16) ---
 run                    order  agent_1  agent_2  agent_3  agent_4  agent_5  agent_6  agent_7  agent_8
   1 [5, 4, 6, 7, 3, 2, 8, 1]       40       60       74       89       56       76      107       35
   2 [7, 4, 3, 1, 2, 5, 8, 6]       34       60      116       77       81      111       55       34
   3 [4, 3, 5, 8, 7, 2, 6, 1]       48       -1       63       -1       98       77       56       34
   4 [2, 1, 5, 7, 6, 8, 3, 4]       77       49      147       58       92       90      124       34
   5 [3, 7, 8, 6, 1, 2, 5, 4]       35       55       -1       -1      106      100       55       38

=== yes_line_C (real_L1 mean U_AW = -3.64) ===
--- L0 (mean U_AW = -2.05) ---
 run                    order  agent_1  agent_2  agent_3  agent_4  agent_5  agent_6  agent_7  agent_8
   1 [2, 5, 8, 4, 7, 6, 1, 3]       24       38       73       52       46       81       60       14
   2 [4, 2, 7, 5, 6, 3, 1, 8]       30       51       32       49       56       42       24       12
   3 [1, 7, 4, 5, 8, 2, 6, 3]       18       43       44       62       76       58       28       12
   4 [7, 2, 5, 8, 1, 3, 4, 6]       44       67       44       63       38       25       67       12
   5 [8, 6, 3, 5, 2, 7, 1, 4]       39       68       41       48       24       52       32       12
--- L1 heuristic (mean U_AW = -1.40) ---
 run                    order  agent_1  agent_2  agent_3  agent_4  agent_5  agent_6  agent_7  agent_8
   1 [2, 5, 8, 4, 7, 6, 1, 3]       33       41       30       58       22       74       46       12
   2 [4, 2, 7, 5, 6, 3, 1, 8]       34       33       64       43       51       72       27       12
   3 [1, 7, 4, 5, 8, 2, 6, 3]       42       32       59       53       47       25       36       12
   4 [7, 2, 5, 8, 1, 3, 4, 6]       30       39       58       52       46       22       33       12
   5 [8, 6, 3, 5, 2, 7, 1, 4]       28       53       43       50       57       39       23       12
--- real L1 (mean U_AW = -3.64) ---
 run                    order  agent_1  agent_2  agent_3  agent_4  agent_5  agent_6  agent_7  agent_8
   1 [2, 5, 8, 4, 7, 6, 1, 3]       25       33       57       42       82       86       65       12
   2 [4, 2, 7, 5, 6, 3, 1, 8]       31       47      118       35       63       78       58       12
   3 [1, 7, 4, 5, 8, 2, 6, 3]       32       42       66       63       33       90       29       14
   4 [7, 2, 5, 8, 1, 3, 4, 6]       32       46       62      101       69       43       26       12
   5 [8, 6, 3, 5, 2, 7, 1, 4]       48       46       69      100       78       41       62       12

=== yes_line_D (real_L1 mean U_AW = -3.38) ===
--- L0 (mean U_AW = -1.97) ---
 run                    order  agent_1  agent_2  agent_3  agent_4  agent_5  agent_6  agent_7  agent_8
   1 [5, 4, 6, 2, 7, 3, 8, 1]       27       44       37       48       27       41       39       21
   2 [4, 3, 7, 6, 5, 2, 8, 1]       28       29       41       55       52       44       63       23
   3 [1, 6, 2, 3, 8, 5, 4, 7]       18       31       50       60       45       39       52       27
   4 [7, 6, 1, 8, 5, 2, 3, 4]       23       33       91       90       38       51       30       39
   5 [7, 5, 8, 2, 4, 6, 1, 3]       35       29       50       41       32       52       26       32
--- L1 heuristic (mean U_AW = -1.40) ---
 run                    order  agent_1  agent_2  agent_3  agent_4  agent_5  agent_6  agent_7  agent_8
   1 [5, 4, 6, 2, 7, 3, 8, 1]       23       40       42       54       34       40       29       21
   2 [4, 3, 7, 6, 5, 2, 8, 1]       16       35       48       51       37       60       45       25
   3 [1, 6, 2, 3, 8, 5, 4, 7]       21       31       69       48       48       46       38       44
   4 [7, 6, 1, 8, 5, 2, 3, 4]       19       31       48       52       37       33       39       22
   5 [7, 5, 8, 2, 4, 6, 1, 3]       16       29       47       49       29       45       34       34
--- real L1 (mean U_AW = -3.38) ---
 run                    order  agent_1  agent_2  agent_3  agent_4  agent_5  agent_6  agent_7  agent_8
   1 [5, 4, 6, 2, 7, 3, 8, 1]       21       31       33      115       62       57       41       29
   2 [4, 3, 7, 6, 5, 2, 8, 1]       28       57       40       31       64       51       57       37
   3 [1, 6, 2, 3, 8, 5, 4, 7]       18       36       36       39       94       63       46       26
   4 [7, 6, 1, 8, 5, 2, 3, 4]       -1       28       -1       67       30       -1       48       24
   5 [7, 5, 8, 2, 4, 6, 1, 3]       26       61       74       75       51       54       72       29

=== 7esque (real_L1 mean U_AW = -3.32) ===
--- L0 (mean U_AW = -2.26) ---
 run                    order  agent_1  agent_2  agent_3  agent_4  agent_5  agent_6  agent_7  agent_8
   1 [8, 1, 5, 3, 7, 2, 6, 4]       17       25       45       84       31       53       37       56
   2 [7, 1, 6, 5, 4, 2, 3, 8]       17       25       64       32       38       42       52       73
   3 [4, 7, 8, 6, 5, 2, 3, 1]       17       25       56       34       52       42       62       68
   4 [5, 6, 2, 1, 7, 8, 4, 3]       25       45       32       35       42       54       61       67
   5 [2, 3, 5, 6, 7, 4, 8, 1]       17       33       44       26       69       53       38       61
--- L1 heuristic (mean U_AW = -1.87) ---
 run                    order  agent_1  agent_2  agent_3  agent_4  agent_5  agent_6  agent_7  agent_8
   1 [6, 2, 4, 3, 5, 8, 7, 1]       17       39       36       26       58       61       64       46
   2 [8, 3, 4, 5, 1, 2, 6, 7]       17       23       34       27       37       55       67       57
   3 [5, 8, 4, 7, 1, 3, 2, 6]       17       37       25       43       36       64       56       49
   4 [7, 1, 5, 3, 4, 6, 2, 8]       17       21       38       29       53       63       42       54
   5 [3, 4, 5, 2, 8, 7, 6, 1]       19       25       66       35       56       39       47       66
--- real L1 (mean U_AW = -3.32) ---
 run                    order  agent_1  agent_2  agent_3  agent_4  agent_5  agent_6  agent_7  agent_8
   1 [8, 2, 7, 6, 1, 5, 4, 3]       17       24       84      107       49       51       65       31
   2 [4, 3, 6, 2, 8, 7, 5, 1]       17       27       39       33       54       48       75       80
   3 [8, 3, 2, 7, 1, 4, 5, 6]       17       24       28       50       35       78       83       73
   4 [2, 1, 4, 7, 6, 3, 8, 5]       17       27       43       30       40       75       47       69
   5 [3, 6, 2, 1, 5, 7, 8, 4]       17       37       31       25       63       91      103       83

=== maybe_6 (real_L1 mean U_AW = -2.92) ===
--- L0 (mean U_AW = -10.27) ---
 run                    order  agent_1  agent_2  agent_3  agent_4  agent_5  agent_6  agent_7  agent_8
   1 [7, 3, 1, 5, 2, 4, 8, 6]       25       29       29       42       29       35       43       49
   2 [7, 5, 1, 8, 6, 4, 2, 3]       26       26       35       30       31       35       37       44
   3 [3, 1, 6, 2, 5, 8, 4, 7]       74       26       30       80       36       30       36       38
   4 [4, 2, 6, 5, 1, 7, 8, 3]       28      635       26       30      648      645      641       46
   5 [3, 4, 8, 6, 7, 5, 2, 1]       27       33       35       30       88      100       95       96
--- L1 heuristic (mean U_AW = 0.68) ---
 run                    order  agent_1  agent_2  agent_3  agent_4  agent_5  agent_6  agent_7  agent_8
   1 [7, 3, 1, 5, 2, 4, 8, 6]       28       23       30       34       27       34       35       54
   2 [7, 5, 1, 8, 6, 4, 2, 3]       20       28       42       29       33       30       41       47
   3 [3, 1, 6, 2, 5, 8, 4, 7]       24       25       33       31       27       30       37       34
   4 [4, 2, 6, 5, 1, 7, 8, 3]       26       27       41       32       27       32       32       38
   5 [3, 4, 8, 6, 7, 5, 2, 1]       27       24       34       30       43       37       48       32
--- real L1 (mean U_AW = -2.92) ---
 run                    order  agent_1  agent_2  agent_3  agent_4  agent_5  agent_6  agent_7  agent_8
   1 [7, 3, 1, 5, 2, 4, 8, 6]       24       34       32       40       -1       50       -1       -1
   2 [7, 5, 1, 8, 6, 4, 2, 3]       18       27       41       29       67       34       80       45
   3 [3, 1, 6, 2, 5, 8, 4, 7]       27       74       83       29       51       34       44       43
   4 [4, 2, 6, 5, 1, 7, 8, 3]       31       27       38       35       36       -1       -1       -1
   5 [3, 4, 8, 6, 7, 5, 2, 1]      181       27      170       51       51       51       41       37

=== new_maybe_1 (real_L1 mean U_AW = -2.83) ===
--- L0 (mean U_AW = -2.38) ---
 run                    order  agent_1  agent_2  agent_3  agent_4  agent_5  agent_6  agent_7  agent_8
   1 [8, 7, 3, 2, 4, 1, 5, 6]       26       20       30       36       71       81       51       14
   2 [6, 2, 5, 8, 7, 1, 3, 4]       29       20       24       48       47       64       79       14
   3 [2, 4, 3, 1, 6, 8, 7, 5]       26       22       27       50       57       41       72       14
   4 [6, 7, 1, 5, 8, 3, 2, 4]       26       20       32       61       43       82       89       14
   5 [6, 2, 7, 5, 3, 8, 1, 4]       26       20       33       51       72       46       80       14
--- L1 heuristic (mean U_AW = -2.01) ---
 run                    order  agent_1  agent_2  agent_3  agent_4  agent_5  agent_6  agent_7  agent_8
   1 [8, 7, 3, 2, 4, 1, 5, 6]       26       70       47       19       48       37       54       14
   2 [6, 2, 5, 8, 7, 1, 3, 4]       25       52       32       60       58       84       27       14
   3 [2, 4, 3, 1, 6, 8, 7, 5]       36       23       20       31       73       55       46       14
   4 [6, 7, 1, 5, 8, 3, 2, 4]       27       30       22       38       49       71       62       14
   5 [6, 2, 7, 5, 3, 8, 1, 4]       23       26       35       37       45       65       69       14
--- real L1 (mean U_AW = -2.83) ---
 run                    order  agent_1  agent_2  agent_3  agent_4  agent_5  agent_6  agent_7  agent_8
   1 [8, 7, 3, 2, 4, 1, 5, 6]       29       28       29       36       61       78       70       14
   2 [6, 2, 5, 8, 7, 1, 3, 4]       31       29       43       97       44       58       29       15
   3 [2, 4, 3, 1, 6, 8, 7, 5]       29       26       37       40       96       50       38       14
   4 [6, 7, 1, 5, 8, 3, 2, 4]       36       33       23       42       72       56      116       14
   5 [6, 2, 7, 5, 3, 8, 1, 4]       31       62       20       35       70       35       88       14

=== new_maybe_2 (real_L1 mean U_AW = -2.13) ===
--- L0 (mean U_AW = -0.44) ---
 run                    order  agent_1  agent_2  agent_3  agent_4  agent_5  agent_6  agent_7  agent_8
   1 [2, 5, 7, 8, 6, 4, 3, 1]       16       27       22       40       28       40       33       42
   2 [3, 6, 2, 1, 7, 8, 4, 5]       17       29       26       42       46       34       46       39
   3 [6, 7, 2, 5, 1, 4, 3, 8]       16       21       22       33       31       36       34       32
   4 [3, 8, 6, 7, 2, 5, 4, 1]       17       39       25       27       37       30       44       43
   5 [7, 2, 6, 4, 3, 8, 5, 1]       16       22       34       38       57       27       46       42
--- L1 heuristic (mean U_AW = 0.07) ---
 run                    order  agent_1  agent_2  agent_3  agent_4  agent_5  agent_6  agent_7  agent_8
   1 [2, 5, 7, 8, 6, 4, 3, 1]       16       21       23       31       52       29       39       37
   2 [3, 6, 2, 1, 7, 8, 4, 5]       16       21       22       29       36       36       32       41
   3 [6, 7, 2, 5, 1, 4, 3, 8]       16       21       28       30       28       30       38       36
   4 [3, 8, 6, 7, 2, 5, 4, 1]       16       28       22       21       35       39       39       33
   5 [7, 2, 6, 4, 3, 8, 5, 1]       16       22       30       35       42       27       30       41
--- real L1 (mean U_AW = -2.13) ---
 run                    order  agent_1  agent_2  agent_3  agent_4  agent_5  agent_6  agent_7  agent_8
   1 [2, 5, 7, 8, 6, 4, 3, 1]       17       24       43       28       52       74       34       36
   2 [3, 6, 2, 1, 7, 8, 4, 5]       33       22       28       30       79       42       55       62
   3 [6, 7, 2, 5, 1, 4, 3, 8]       17       22       66       20       27       70       35       60
   4 [3, 8, 6, 7, 2, 5, 4, 1]       17       27       51       27       79       38       39       39
   5 [7, 2, 6, 4, 3, 8, 5, 1]       48       25       30       62       43       47       42       79

=== no_line_D (real_L1 mean U_AW = -1.44) ===
--- L0 (mean U_AW = 0.22) ---
 run                    order  agent_1  agent_2  agent_3  agent_4  agent_5  agent_6  agent_7  agent_8
   1 [8, 1, 6, 7, 5, 3, 2, 4]        9       14       19       34       19       19       32       24
   2 [6, 4, 8, 1, 5, 2, 3, 7]        9       14       24       15       23       28       20       30
   3 [1, 7, 6, 2, 4, 8, 5, 3]        9       22       14       16       28       24       38       23
   4 [2, 4, 3, 5, 1, 8, 6, 7]        9       14       17       29       37       23       27       20
   5 [1, 6, 5, 4, 8, 3, 2, 7]        9       14       30       20       16       37       31       40
--- L1 heuristic (mean U_AW = 0.63) ---
 run                    order  agent_1  agent_2  agent_3  agent_4  agent_5  agent_6  agent_7  agent_8
   1 [8, 1, 6, 7, 5, 3, 2, 4]        9       13       15       16       27       24       22       43
   2 [6, 4, 8, 1, 5, 2, 3, 7]        9       13       16       16       34       20       19       32
   3 [1, 7, 6, 2, 4, 8, 5, 3]        9       14       15       15       34       21       27       24
   4 [2, 4, 3, 5, 1, 8, 6, 7]        9       14       14       17       20       23       44       31
   5 [1, 6, 5, 4, 8, 3, 2, 7]        9       17       15       15       21       20       19       28
--- real L1 (mean U_AW = -1.44) ---
 run                    order  agent_1  agent_2  agent_3  agent_4  agent_5  agent_6  agent_7  agent_8
   1 [8, 1, 6, 7, 5, 3, 2, 4]        9       19       79       16       19       49       29       25
   2 [6, 4, 8, 1, 5, 2, 3, 7]        9       18       45       16       22       52       21       26
   3 [1, 7, 6, 2, 4, 8, 5, 3]        9       28       45       16       87       51       23       71
   4 [2, 4, 3, 5, 1, 8, 6, 7]        9       20       21       16       16       46       28       68
   5 [1, 6, 5, 4, 8, 3, 2, 7]        9       26       15       27       17       22       21       42

=== maybe_5 (real_L1 mean U_AW = -0.85) ===
--- L0 (mean U_AW = 0.68) ---
 run                    order  agent_1  agent_2  agent_3  agent_4  agent_5  agent_6  agent_7  agent_8
   1 [5, 8, 1, 4, 2, 7, 6, 3]       38       15       22       31       46       36       32       23
   2 [8, 1, 3, 6, 7, 5, 2, 4]       40       17       28       37       47       42       35       33
   3 [2, 6, 8, 7, 5, 1, 3, 4]       38       15       24       54       37       35       29       22
   4 [4, 5, 1, 8, 2, 3, 6, 7]       36       15       22       40       53       34       30       20
   5 [6, 7, 1, 5, 8, 2, 3, 4]       38       15       25       54       34       38       30       22
--- L1 heuristic (mean U_AW = 0.66) ---
 run                    order  agent_1  agent_2  agent_3  agent_4  agent_5  agent_6  agent_7  agent_8
   1 [5, 8, 1, 4, 2, 7, 6, 3]       38       15       24       40       43       34       34       22
   2 [8, 1, 3, 6, 7, 5, 2, 4]       37       16       53       48       34       27       23       22
   3 [2, 6, 8, 7, 5, 1, 3, 4]       40       16       44       30       45       22       37       24
   4 [4, 5, 1, 8, 2, 3, 6, 7]       36       16       49       33       24       39       33       26
   5 [6, 7, 1, 5, 8, 2, 3, 4]       40       15       24       57       35       30       37       27
--- real L1 (mean U_AW = -0.85) ---
 run                    order  agent_1  agent_2  agent_3  agent_4  agent_5  agent_6  agent_7  agent_8
   1 [1, 3, 8, 7, 2, 4, 5, 6]       38       15       35       63       26       53       35       25
   2 [8, 4, 6, 2, 7, 1, 3, 5]      155       25       60       34       42       40       65       42
   3 [2, 8, 5, 3, 1, 6, 4, 7]       39       19       42       45       56       47       29       23
   4 [2, 1, 8, 6, 7, 4, 5, 3]       36       15       26       90       34       78       43       45
   5 [8, 6, 5, 3, 2, 1, 4, 7]       36       16       26       63       43       61       29       33

=== no_line_3 (real_L1 mean U_AW = -0.79) ===
--- L0 (mean U_AW = 0.05) ---
 run                    order  agent_1  agent_2  agent_3  agent_4  agent_5  agent_6  agent_7  agent_8
   1 [4, 3, 1, 7, 2, 6, 8, 5]       17       18       29       30       23       30       34       36
   2 [5, 1, 6, 4, 7, 3, 2, 8]       17       23       24       32       33       36       30       40
   3 [4, 2, 5, 8, 3, 7, 1, 6]       14       22       27       23       29       30       33       39
   4 [1, 4, 3, 5, 6, 8, 2, 7]       16       25       22       28       28       35       46       38
   5 [1, 2, 3, 4, 5, 7, 8, 6]       16       24       25       29       31       32       42       43
--- L1 heuristic (mean U_AW = 0.65) ---
 run                    order  agent_1  agent_2  agent_3  agent_4  agent_5  agent_6  agent_7  agent_8
   1 [4, 3, 1, 7, 2, 6, 8, 5]       14       20       23       21       27       32       39       38
   2 [5, 1, 6, 4, 7, 3, 2, 8]       14       20       22       22       28       30       42       28
   3 [4, 2, 5, 8, 3, 7, 1, 6]       14       18       23       21       35       30       39       45
   4 [1, 4, 3, 5, 6, 8, 2, 7]       14       20       21       25       23       26       31       30
   5 [1, 2, 3, 4, 5, 7, 8, 6]       16       22       19       24       23       28       24       29
--- real L1 (mean U_AW = -0.79) ---
 run                    order  agent_1  agent_2  agent_3  agent_4  agent_5  agent_6  agent_7  agent_8
   1 [4, 3, 1, 7, 2, 6, 8, 5]       19       29       20       37       -1       -1       47       -1
   2 [5, 1, 6, 4, 7, 3, 2, 8]       17       19       33       37       45       21       26       27
   3 [4, 2, 5, 8, 3, 7, 1, 6]       -1       23       22       -1       25       31       51       -1
   4 [1, 4, 3, 5, 6, 8, 2, 7]       15       39       25       21       25       92       53       29
   5 [1, 2, 3, 4, 5, 7, 8, 6]       14       22       25       25       28       29       43       88

=== new_maybe_3 (real_L1 mean U_AW = -0.58) ===
--- L0 (mean U_AW = -0.38) ---
 run                    order  agent_1  agent_2  agent_3  agent_4  agent_5  agent_6  agent_7  agent_8
   1 [4, 2, 8, 7, 3, 1, 6, 5]       17       30       37       52       42       57       46       30
   2 [6, 7, 5, 8, 1, 4, 2, 3]       21       31       40       59       44       40       54       30
   3 [8, 7, 1, 5, 6, 2, 3, 4]       23       24       59       49       40       39       50       34
   4 [2, 3, 7, 6, 4, 8, 5, 1]       20       30       54       36       54       51       45       32
   5 [7, 6, 8, 3, 4, 5, 2, 1]       19       26       68       66       58       42       52       30
--- L1 heuristic (mean U_AW = -0.17) ---
 run                    order  agent_1  agent_2  agent_3  agent_4  agent_5  agent_6  agent_7  agent_8
   1 [4, 2, 8, 7, 3, 1, 6, 5]       23       45       52       32       37       42       36       32
   2 [6, 7, 5, 8, 1, 4, 2, 3]       18       37       32       48       43       58       36       30
   3 [8, 7, 1, 5, 6, 2, 3, 4]       18       42       27       58       37       44       36       30
   4 [2, 3, 7, 6, 4, 8, 5, 1]       24       48       52       46       44       38       35       32
   5 [7, 6, 8, 3, 4, 5, 2, 1]       27       56       41       71       51       40       43       30
--- real L1 (mean U_AW = -0.58) ---
 run                    order  agent_1  agent_2  agent_3  agent_4  agent_5  agent_6  agent_7  agent_8
   1 [4, 2, 8, 7, 3, 1, 6, 5]       24       49       34       53       53       47       38       40
   2 [6, 7, 5, 8, 1, 4, 2, 3]       24       47       50      110       -1       -1       33       -1
   3 [8, 7, 1, 5, 6, 2, 3, 4]       23       -1       -1       56       53       40       40       30
   4 [2, 3, 7, 6, 4, 8, 5, 1]       37       66       -1       56      184       -1       57       -1
   5 [7, 6, 8, 3, 4, 5, 2, 1]       24      332      364       -1       -1       -1       29       -1

=== maybe_4 (real_L1 mean U_AW = -0.44) ===
--- L0 (mean U_AW = -0.01) ---
 run                    order  agent_1  agent_2  agent_3  agent_4  agent_5  agent_6  agent_7  agent_8
   1 [4, 8, 6, 3, 5, 7, 2, 1]       15       24       33       44       55       23       17       17
   2 [1, 2, 6, 3, 5, 4, 8, 7]       15       24       33       42       56       27       17       17
   3 [7, 8, 5, 1, 6, 4, 3, 2]       15       25       33       42       53       22       17       17
   4 [7, 8, 2, 5, 6, 1, 3, 4]       15       24       35       44       55       24       17       17
   5 [7, 8, 6, 1, 4, 3, 2, 5]       15       25       35       54       64       22       17       17
--- L1 heuristic (mean U_AW = 0.22) ---
 run                    order  agent_1  agent_2  agent_3  agent_4  agent_5  agent_6  agent_7  agent_8
   1 [4, 8, 6, 3, 5, 7, 2, 1]       15       42       25       34       43       23       19       17
   2 [1, 2, 6, 3, 5, 4, 8, 7]       15       24       48       38       61       22       17       17
   3 [7, 8, 5, 1, 6, 4, 3, 2]       15       24       33       44       58       19       17       17
   4 [7, 8, 2, 5, 6, 1, 3, 4]       15       24       32       58       43       20       17       17
   5 [7, 8, 6, 1, 4, 3, 2, 5]       15       24       33       44       31       19       17       17
--- real L1 (mean U_AW = -0.44) ---
 run                    order  agent_1  agent_2  agent_3  agent_4  agent_5  agent_6  agent_7  agent_8
   1 [7, 2, 5, 6, 3, 8, 1, 4]       15       28       33       87       56       20       17       17
   2 [6, 7, 3, 5, 1, 4, 8, 2]       15       29       34       48       52       19       17       17
   3 [7, 4, 3, 1, 5, 2, 6, 8]       15       39       35       45       67       20       17       17
   4 [5, 2, 3, 4, 6, 1, 8, 7]       15       24       33       46       67       19       17       17
   5 [5, 4, 7, 2, 1, 6, 8, 3]       15       24       53       61       51       20       17       17

=== no_line_1 (real_L1 mean U_AW = -0.41) ===
--- L0 (mean U_AW = 0.69) ---
 run                    order  agent_1  agent_2  agent_3  agent_4  agent_5  agent_6  agent_7  agent_8
   1 [7, 4, 2, 3, 1, 8, 5, 6]       19       19       23       25       27       31       36       25
   2 [6, 5, 2, 8, 3, 4, 7, 1]       19       24       27       34       36       25       33       28
   3 [6, 7, 8, 1, 2, 5, 4, 3]       16       18       23       26       32       34       33       29
   4 [3, 6, 7, 1, 2, 5, 8, 4]       19       30       20       22       37       27       53       38
   5 [7, 2, 1, 8, 3, 4, 5, 6]       17       19       21       31       25       25       27       31
--- L1 heuristic (mean U_AW = 1.22) ---
 run                    order  agent_1  agent_2  agent_3  agent_4  agent_5  agent_6  agent_7  agent_8
   1 [7, 4, 2, 3, 1, 8, 5, 6]       16       20       20       22       26       34       27       29
   2 [6, 5, 2, 8, 3, 4, 7, 1]       17       19       18       23       25       28       28       32
   3 [6, 7, 8, 1, 2, 5, 4, 3]       18       21       22       27       23       26       33       27
   4 [3, 6, 7, 1, 2, 5, 8, 4]       18       20       21       25       25       23       28       32
   5 [7, 2, 1, 8, 3, 4, 5, 6]       18       21       21       22       27       27       24       32
--- real L1 (mean U_AW = -0.41) ---
 run                    order  agent_1  agent_2  agent_3  agent_4  agent_5  agent_6  agent_7  agent_8
   1 [7, 4, 2, 3, 1, 8, 5, 6]       21       25       27       40       29       58       26       33
   2 [6, 5, 2, 8, 3, 4, 7, 1]       25       26       22       33       25       39       77       28
   3 [6, 7, 8, 1, 2, 5, 4, 3]       22       32       27       24       32       26       60       27
   4 [3, 6, 7, 1, 2, 5, 8, 4]       16       19       24       53       23       42       26       78
   5 [7, 2, 1, 8, 3, 4, 5, 6]       -1       -1       -1       -1       -1       -1       -1       -1

=== no_line_B (real_L1 mean U_AW = -0.36) ===
--- L0 (mean U_AW = 2.10) ---
 run                    order  agent_1  agent_2  agent_3  agent_4  agent_5  agent_6  agent_7  agent_8
   1 [3, 2, 5, 1, 8, 7, 6, 4]       19       21       16       25       16       16       30       18
   2 [1, 3, 8, 4, 6, 2, 5, 7]       20       26       25       17       16       16       21       25
   3 [3, 6, 7, 1, 8, 5, 4, 2]       18       22       16       23       16       16       25       18
   4 [7, 3, 8, 1, 2, 6, 4, 5]       19       22       16       31       16       16       26       18
   5 [6, 3, 2, 5, 4, 1, 7, 8]       20       21       25       17       16       16       20       18
--- L1 heuristic (mean U_AW = 2.17) ---
 run                    order  agent_1  agent_2  agent_3  agent_4  agent_5  agent_6  agent_7  agent_8
   1 [3, 2, 5, 1, 8, 7, 6, 4]       18       30       16       22       16       23       23       18
   2 [1, 3, 8, 4, 6, 2, 5, 7]       20       23       21       17       16       16       25       18
   3 [3, 6, 7, 1, 8, 5, 4, 2]       20       23       20       17       16       16       25       18
   4 [7, 3, 8, 1, 2, 6, 4, 5]       18       21       16       19       16       16       29       18
   5 [6, 3, 2, 5, 4, 1, 7, 8]       19       19       16       19       16       18       26       18
--- real L1 (mean U_AW = -0.36) ---
 run                    order  agent_1  agent_2  agent_3  agent_4  agent_5  agent_6  agent_7  agent_8
   1 [3, 2, 5, 1, 8, 7, 6, 4]       18       27       16       19       16       17      118       18
   2 [1, 3, 8, 4, 6, 2, 5, 7]       18       67       16       19       16       16       18       18
   3 [3, 6, 7, 1, 8, 5, 4, 2]       18      378       16       20       16       17       21       18
   4 [7, 3, 8, 1, 2, 6, 4, 5]       18       46       16       18       16       16       23       18
   5 [6, 3, 2, 5, 4, 1, 7, 8]       18       31       16       19       16       17      116       18

=== no_line_2 (real_L1 mean U_AW = -0.05) ===
--- L0 (mean U_AW = 2.01) ---
 run                    order  agent_1  agent_2  agent_3  agent_4  agent_5  agent_6  agent_7  agent_8
   1 [6, 2, 4, 3, 5, 8, 7, 1]       12       17       18       27       20       10       19       12
   2 [8, 3, 4, 5, 1, 2, 6, 7]       12       17       24       28       19       10       21       12
   3 [5, 8, 4, 7, 1, 3, 2, 6]       11       17       22       25       22       10       15       12
   4 [7, 1, 5, 3, 4, 6, 2, 8]       11       17       25       29       21       12       15       13
   5 [3, 4, 5, 2, 8, 7, 6, 1]       17       17       28       22       19       10       17       12
--- L1 heuristic (mean U_AW = 2.35) ---
 run                    order  agent_1  agent_2  agent_3  agent_4  agent_5  agent_6  agent_7  agent_8
   1 [6, 2, 4, 3, 5, 8, 7, 1]       12       19       16       26       16       10       19       12
   2 [8, 3, 4, 5, 1, 2, 6, 7]       10       16       22       17       17       10       17       12
   3 [5, 8, 4, 7, 1, 3, 2, 6]       12       15       22       16       19       10       19       12
   4 [7, 1, 5, 3, 4, 6, 2, 8]       11       16       17       21       16       11       17       12
   5 [3, 4, 5, 2, 8, 7, 6, 1]       12       17       23       17       16       11       21       12
--- real L1 (mean U_AW = -0.05) ---
 run                    order  agent_1  agent_2  agent_3  agent_4  agent_5  agent_6  agent_7  agent_8
   1 [6, 2, 4, 3, 5, 8, 7, 1]       16       15       31       27       28       10       17       12
   2 [8, 3, 4, 5, 1, 2, 6, 7]       33       15       30       44       44       32       30       12
   3 [5, 8, 4, 7, 1, 3, 2, 6]       12       15       -1       19       -1       -1       -1       12
   4 [7, 1, 5, 3, 4, 6, 2, 8]       12       15       25       19       43       34       44       12
   5 [3, 4, 5, 2, 8, 7, 6, 1]       45       15       32       79       34       30       57       12

=== no_line_A (real_L1 mean U_AW = 1.32) ===
--- L0 (mean U_AW = 1.97) ---
 run                    order  agent_1  agent_2  agent_3  agent_4  agent_5  agent_6  agent_7  agent_8
   1 [7, 8, 3, 4, 6, 2, 5, 1]       14       14       14       14       16       17       28       26
   2 [5, 6, 3, 7, 2, 1, 8, 4]       14       14       14       15       16       20       26       24
   3 [7, 3, 5, 8, 2, 1, 4, 6]       14       14       14       14       16       17       20       26
   4 [5, 3, 7, 8, 1, 4, 2, 6]       14       14       14       15       16       36       20       23
   5 [5, 7, 1, 2, 6, 4, 8, 3]       14       14       14       14       16       17       20       24
--- L1 heuristic (mean U_AW = 2.01) ---
 run                    order  agent_1  agent_2  agent_3  agent_4  agent_5  agent_6  agent_7  agent_8
   1 [7, 8, 3, 4, 6, 2, 5, 1]       15       14       14       14       23       17       20       30
   2 [5, 6, 3, 7, 2, 1, 8, 4]       14       14       14       14       16       17       20       26
   3 [7, 3, 5, 8, 2, 1, 4, 6]       14       14       14       14       18       18       20       26
   4 [5, 3, 7, 8, 1, 4, 2, 6]       14       14       14       14       16       17       22       31
   5 [5, 7, 1, 2, 6, 4, 8, 3]       14       14       14       14       16       17       23       23
--- real L1 (mean U_AW = 1.32) ---
 run                    order  agent_1  agent_2  agent_3  agent_4  agent_5  agent_6  agent_7  agent_8
   1 [7, 8, 3, 4, 6, 2, 5, 1]       15       15       15       17       15       17       18       28
   2 [5, 6, 3, 7, 2, 1, 8, 4]       15       15       15       17       17       20       28       61
   3 [7, 3, 5, 8, 2, 1, 4, 6]       15       15       15       20       15       17       18       46
   4 [5, 3, 7, 8, 1, 4, 2, 6]       15       15       15       18       15       74       18       26
   5 [5, 7, 1, 2, 6, 4, 8, 3]       15       15       15       15       24       24       18       31

=== no_line_C (real_L1 mean U_AW = 1.99) ===
--- L0 (mean U_AW = 2.31) ---
 run                    order  agent_1  agent_2  agent_3  agent_4  agent_5  agent_6  agent_7  agent_8
   1 [4, 3, 6, 7, 8, 2, 5, 1]       22       24       14       16       15       21       34       21
   2 [1, 8, 6, 7, 4, 3, 2, 5]       22       33       14       24       15       28       19       21
   3 [1, 3, 8, 5, 4, 7, 6, 2]       22       33       14       16       15       29       23       28
   4 [6, 5, 2, 4, 8, 3, 7, 1]       22       28       14       16       15       24       26       30
   5 [5, 3, 8, 7, 4, 6, 1, 2]       25       28       14       18       15       17       22       25
--- L1 heuristic (mean U_AW = 2.51) ---
 run                    order  agent_1  agent_2  agent_3  agent_4  agent_5  agent_6  agent_7  agent_8
   1 [4, 3, 6, 7, 8, 2, 5, 1]       22       23       14       16       15       19       22       30
   2 [1, 8, 6, 7, 4, 3, 2, 5]       22       29       14       24       15       19       25       20
   3 [1, 3, 8, 5, 4, 7, 6, 2]       22       23       14       28       15       20       20       21
   4 [6, 5, 2, 4, 8, 3, 7, 1]       22       29       14       16       15       19       21       23
   5 [5, 3, 8, 7, 4, 6, 1, 2]       22       28       14       22       15       17       19       24
--- real L1 (mean U_AW = 1.99) ---
 run                    order  agent_1  agent_2  agent_3  agent_4  agent_5  agent_6  agent_7  agent_8
   1 [4, 3, 6, 7, 8, 2, 5, 1]       22       26       14       46       15       28       19       32
   2 [1, 8, 6, 7, 4, 3, 2, 5]       22       21       14       20       15       35       22       25
   3 [1, 3, 8, 5, 4, 7, 6, 2]       22       23       14       28       15       21       21       27
   4 [6, 5, 2, 4, 8, 3, 7, 1]       22       25       14       25       15       19       21       37
   5 [5, 3, 8, 7, 4, 6, 1, 2]       22       22       14       36       15       30       56       22
