
=== yes_line_8 (mean U_AW = -14.58) ===
 run                    order  agent_1  agent_2  agent_3  agent_4  agent_5  agent_6  agent_7  agent_8  run_elapsed_seconds
   1 [7, 2, 5, 6, 3, 8, 1, 4]       80       74      142      186      148      111      166      241         33288.700808
   2 [6, 7, 3, 5, 1, 4, 8, 2]       61       53       72      119      180      110      149      185         27994.351422
   3 [7, 4, 3, 1, 5, 2, 6, 8]       49       82      152      164       98      127      121      229         29192.023278
   4 [5, 2, 3, 4, 6, 1, 8, 7]       99      109      154      272      151      216      264      186         44482.980651
   5 [5, 4, 7, 2, 1, 6, 8, 3]       91       86      277      135      157      230      103      255         36792.698242

=== yes_line_E (mean U_AW = -10.17) ===
 run                    order  agent_1  agent_2  agent_3  agent_4  agent_5  agent_6  agent_7  agent_8  run_elapsed_seconds
   1 [2, 3, 8, 4, 7, 6, 1, 5]       69       98       83      104      164      186      150      141         18648.328211
   2 [5, 2, 3, 1, 8, 7, 4, 6]       77       68      138       99      144      182      165      197         20267.195635
   3 [7, 8, 4, 3, 2, 1, 6, 5]       73       91      144      128      182      186      170      102         16766.707203
   4 [6, 3, 8, 5, 2, 4, 1, 7]       58       69       99      114      108      137      198      148         14064.545132
   5 [8, 5, 6, 2, 7, 3, 4, 1]       58       90      181      184      111       73      200      104         17723.633745

=== new_maybe_6 (mean U_AW = -10.17) ===
 run                    order  agent_1  agent_2  agent_3  agent_4  agent_5  agent_6  agent_7  agent_8  run_elapsed_seconds
   1 [7, 6, 2, 1, 4, 5, 3, 8]       62      121       68       69       97       81      114      111         10538.597606
   2 [7, 4, 3, 6, 1, 2, 8, 5]       77       96       51       61       94      161       85      141         13500.878532
   3 [1, 2, 6, 5, 3, 8, 7, 4]       52       -1      136       -1       45      159      184      227         26039.604034
   4 [7, 1, 4, 8, 5, 6, 2, 3]       88      100       63      140      119      174      121      145          9841.520562
   5 [1, 4, 3, 5, 2, 7, 6, 8]       86      114       60       56       72      113      167      125         11525.004627

=== yes_line_9 (mean U_AW = -9.87) ===
 run                    order  agent_1  agent_2  agent_3  agent_4  agent_5  agent_6  agent_7  agent_8  run_elapsed_seconds
   1 [6, 2, 4, 3, 5, 8, 7, 1]       49       29       69       61       46       84      109       14          4525.366109
   2 [8, 3, 4, 5, 1, 2, 6, 7]       21       48      181       65       86       58       31       14          4927.672252
   3 [5, 8, 4, 7, 1, 3, 2, 6]       26      104      101       62       59       78       29       37          6117.638507
   4 [7, 1, 5, 3, 4, 6, 2, 8]       24      114       80       88      107       43       52       28          6202.199577
   5 [3, 4, 5, 2, 8, 7, 6, 1]       29       74       49       28       80      117       44       32          6047.155951

=== 9esque (mean U_AW = -8.99) ===
 run                    order  agent_1  agent_2  agent_3  agent_4  agent_5  agent_6  agent_7  agent_8  run_elapsed_seconds
   1 [8, 3, 5, 2, 7, 4, 6, 1]       71      115       68      138       99       90       95       52          8132.099631
   2 [2, 3, 5, 4, 1, 7, 6, 8]       24       31       75       86       49       59       41       63          4787.646985
   3 [1, 6, 4, 2, 3, 7, 5, 8]       55       94      115      108      123       61       71      114          9218.893814
   4 [1, 5, 6, 3, 8, 2, 7, 4]       16       42       48       46       45       39       69       82          5461.565371
   5 [5, 3, 1, 4, 2, 6, 7, 8]       49      359      108      360       83       52       63       40          7299.933796

=== yes_line_10 (mean U_AW = -8.17) ===
 run                    order  agent_1  agent_2  agent_3  agent_4  agent_5  agent_6  agent_7  agent_8  run_elapsed_seconds
   1 [7, 4, 2, 3, 1, 8, 5, 6]       72       46       92      129      212      179      214      119          17456.27163
   2 [1, 8, 6, 2, 3, 7, 5, 4]       39      131       95      219      149      208      168      150          18552.38897
   3 [8, 4, 2, 3, 1, 7, 6, 5]       52      191       72       43      196      103      132      157          11602.98728
   4 [2, 1, 8, 7, 6, 5, 4, 3]       41       36      106       67      191      177      130      103          12196.75628
   5 [7, 2, 5, 4, 1, 6, 8, 3]       54       89      106      205      156      155      106      217          20720.87797

=== new_maybe_5 (mean U_AW = -7.00) ===
 run                    order  agent_1  agent_2  agent_3  agent_4  agent_5  agent_6  agent_7  agent_8  run_elapsed_seconds
   1 [7, 2, 6, 8, 5, 3, 1, 4]       32       69      346      309      267       89      157      151         26708.915925
   2 [7, 6, 4, 3, 1, 8, 2, 5]       30      122      247       73      211      130      256      213         20311.835347
   3 [5, 2, 4, 3, 8, 1, 6, 7]       42       68      277      203       92      165      236      171         21400.274459
   4 [1, 4, 6, 8, 5, 7, 2, 3]       31       73      134      213       87      185      330      292         23232.822825
   5 [2, 4, 5, 8, 1, 3, 7, 6]       30       93      117      137      186       59      195      312         15494.950663

=== new_maybe_4 (mean U_AW = -6.65) ===
 run                    order  agent_1  agent_2  agent_3  agent_4  agent_5  agent_6  agent_7  agent_8  run_elapsed_seconds
   1 [4, 2, 1, 6, 7, 5, 3, 8]       43       63       30      125      113       90      133      163         11387.337364
   2 [2, 8, 7, 6, 1, 4, 5, 3]       38       57       34      106       86      138      131       59          8869.542182
   3 [5, 6, 4, 1, 8, 7, 2, 3]      189       39       88       80      147       55       95      110          8765.725392
   4 [4, 5, 3, 8, 1, 6, 2, 7]       65       58       30       43       99       82      132      101          8093.257289
   5 [7, 1, 6, 5, 2, 3, 8, 4]      135       40       30      114      171       53       70      108          9857.774946

=== 10esque (mean U_AW = -6.45) ===
 run                    order  agent_1  agent_2  agent_3  agent_4  agent_5  agent_6  agent_7  agent_8  run_elapsed_seconds
   1 [8, 6, 4, 2, 1, 5, 3, 7]       36       75       50      138      185      109      180      141         27058.037770
   2 [2, 5, 1, 4, 3, 7, 6, 8]      132       40       91       78      114      165       92      153         25464.663617
   3 [5, 8, 1, 4, 3, 2, 7, 6]       35       40       63       81      103      194      167      135         26519.105285
   4 [7, 4, 1, 5, 2, 6, 8, 3]       59      129      184       50       98      152       69      203         30856.682900
   5 [5, 3, 4, 2, 6, 8, 1, 7]       44      154       75      165       58      192      108      108         25084.168293

=== yes_line_7 (mean U_AW = -5.77) ===
 run                    order  agent_1  agent_2  agent_3  agent_4  agent_5  agent_6  agent_7  agent_8  run_elapsed_seconds
   1 [7, 4, 2, 3, 1, 8, 5, 6]       21       36       89       50       25       90       82       54         11849.418847
   2 [6, 5, 2, 8, 3, 4, 7, 1]       27       71       59       37       46       77      104      119         14692.936108
   3 [6, 7, 8, 1, 2, 5, 4, 3]       17      117       41       83       56       69       61       87         13605.241221
   4 [3, 6, 7, 1, 2, 5, 8, 4]       17       63       36       36      165       68       55      129         14244.527166
   5 [7, 2, 1, 8, 3, 4, 5, 6]       24       26       32       66      101       80       49       74         11964.225088

=== yes_line_B (mean U_AW = -4.48) ===
 run                    order  agent_1  agent_2  agent_3  agent_4  agent_5  agent_6  agent_7  agent_8  run_elapsed_seconds
   1 [1, 5, 4, 6, 7, 8, 3, 2]       41       63       83       77      105      125       76       56         11718.003635
   2 [4, 6, 5, 8, 7, 1, 3, 2]       71      148       -1       -1      125      117       76       44         21937.111044
   3 [1, 3, 8, 6, 7, 5, 2, 4]       39       87       80      135      112       97      128       71         14931.944928
   4 [6, 3, 5, 7, 1, 2, 8, 4]       37       71       69       86       84       90      113       69          8961.086041
   5 [5, 4, 8, 6, 1, 3, 2, 7]       65      113      125      103      134       93       75       45         11414.711730

=== yes_line_F (mean U_AW = -4.16) ===
 run                    order  agent_1  agent_2  agent_3  agent_4  agent_5  agent_6  agent_7  agent_8  run_elapsed_seconds
   1 [5, 4, 6, 7, 3, 2, 8, 1]       40       60       74       89       56       76      107       35          6431.352153
   2 [7, 4, 3, 1, 2, 5, 8, 6]       34       60      116       77       81      111       55       34          6106.030662
   3 [4, 3, 5, 8, 7, 2, 6, 1]       48       -1       63       -1       98       77       56       34         11158.142744
   4 [2, 1, 5, 7, 6, 8, 3, 4]       77       49      147       58       92       90      124       34          9823.984875
   5 [3, 7, 8, 6, 1, 2, 5, 4]       35       55       -1       -1      106      100       55       38         16907.235480

=== yes_line_C (mean U_AW = -3.64) ===
 run                    order  agent_1  agent_2  agent_3  agent_4  agent_5  agent_6  agent_7  agent_8  run_elapsed_seconds
   1 [2, 5, 8, 4, 7, 6, 1, 3]       25       33       57       42       82       86       65       12          8012.660945
   2 [4, 2, 7, 5, 6, 3, 1, 8]       31       47      118       35       63       78       58       12          5120.964700
   3 [1, 7, 4, 5, 8, 2, 6, 3]       32       42       66       63       33       90       29       14          6713.501070
   4 [7, 2, 5, 8, 1, 3, 4, 6]       32       46       62      101       69       43       26       12          5459.760834
   5 [8, 6, 3, 5, 2, 7, 1, 4]       48       46       69      100       78       41       62       12          7762.845339

=== yes_line_D (mean U_AW = -3.38) ===
 run                    order  agent_1  agent_2  agent_3  agent_4  agent_5  agent_6  agent_7  agent_8  run_elapsed_seconds
   1 [5, 4, 6, 2, 7, 3, 8, 1]       21       31       33      115       62       57       41       29          3253.248378
   2 [4, 3, 7, 6, 5, 2, 8, 1]       28       57       40       31       64       51       57       37          4563.774660
   3 [1, 6, 2, 3, 8, 5, 4, 7]       18       36       36       39       94       63       46       26          4987.190991
   4 [7, 6, 1, 8, 5, 2, 3, 4]       -1       28       -1       67       30       -1       48       24          8853.846073
   5 [7, 5, 8, 2, 4, 6, 1, 3]       26       61       74       75       51       54       72       29          5078.484536

=== 7esque (mean U_AW = -3.32) ===
 run                    order  agent_1  agent_2  agent_3  agent_4  agent_5  agent_6  agent_7  agent_8  run_elapsed_seconds
   1 [8, 2, 7, 6, 1, 5, 4, 3]       17       24       84      107       49       51       65       31          6808.645411
   2 [4, 3, 6, 2, 8, 7, 5, 1]       17       27       39       33       54       48       75       80          6699.930330
   3 [8, 3, 2, 7, 1, 4, 5, 6]       17       24       28       50       35       78       83       73          7681.230079
   4 [2, 1, 4, 7, 6, 3, 8, 5]       17       27       43       30       40       75       47       69          8500.820850
   5 [3, 6, 2, 1, 5, 7, 8, 4]       17       37       31       25       63       91      103       83          6869.252233

=== maybe_6 (mean U_AW = -2.92) ===
 run                    order  agent_1  agent_2  agent_3  agent_4  agent_5  agent_6  agent_7  agent_8  run_elapsed_seconds
   1 [7, 3, 1, 5, 2, 4, 8, 6]       24       34       32       40       -1       50       -1       -1         36923.336819
   2 [7, 5, 1, 8, 6, 4, 2, 3]       18       27       41       29       67       34       80       45          6489.240822
   3 [3, 1, 6, 2, 5, 8, 4, 7]       27       74       83       29       51       34       44       43          8036.624988
   4 [4, 2, 6, 5, 1, 7, 8, 3]       31       27       38       35       36       -1       -1       -1         33570.481313
   5 [3, 4, 8, 6, 7, 5, 2, 1]      181       27      170       51       51       51       41       37         10248.489210

=== new_maybe_1 (mean U_AW = -2.83) ===
 run                    order  agent_1  agent_2  agent_3  agent_4  agent_5  agent_6  agent_7  agent_8  run_elapsed_seconds
   1 [8, 7, 3, 2, 4, 1, 5, 6]       29       28       29       36       61       78       70       14          4184.027543
   2 [6, 2, 5, 8, 7, 1, 3, 4]       31       29       43       97       44       58       29       15          3553.599184
   3 [2, 4, 3, 1, 6, 8, 7, 5]       29       26       37       40       96       50       38       14          3550.097911
   4 [6, 7, 1, 5, 8, 3, 2, 4]       36       33       23       42       72       56      116       14          4103.413289
   5 [6, 2, 7, 5, 3, 8, 1, 4]       31       62       20       35       70       35       88       14          2742.727355

=== new_maybe_2 (mean U_AW = -2.13) ===
 run                    order  agent_1  agent_2  agent_3  agent_4  agent_5  agent_6  agent_7  agent_8  run_elapsed_seconds
   1 [2, 5, 7, 8, 6, 4, 3, 1]       17       24       43       28       52       74       34       36          2941.735990
   2 [3, 6, 2, 1, 7, 8, 4, 5]       33       22       28       30       79       42       55       62          5106.095599
   3 [6, 7, 2, 5, 1, 4, 3, 8]       17       22       66       20       27       70       35       60          3096.788801
   4 [3, 8, 6, 7, 2, 5, 4, 1]       17       27       51       27       79       38       39       39          2776.250160
   5 [7, 2, 6, 4, 3, 8, 5, 1]       48       25       30       62       43       47       42       79          3984.902002

=== no_line_D (mean U_AW = -1.44) ===
 run                    order  agent_1  agent_2  agent_3  agent_4  agent_5  agent_6  agent_7  agent_8  run_elapsed_seconds
   1 [8, 1, 6, 7, 5, 3, 2, 4]        9       19       79       16       19       49       29       25          2963.179363
   2 [6, 4, 8, 1, 5, 2, 3, 7]        9       18       45       16       22       52       21       26          3037.482469
   3 [1, 7, 6, 2, 4, 8, 5, 3]        9       28       45       16       87       51       23       71          5644.422832
   4 [2, 4, 3, 5, 1, 8, 6, 7]        9       20       21       16       16       46       28       68          4634.780402
   5 [1, 6, 5, 4, 8, 3, 2, 7]        9       26       15       27       17       22       21       42          3089.819462

=== maybe_5 (mean U_AW = -0.85) ===
 run                    order  agent_1  agent_2  agent_3  agent_4  agent_5  agent_6  agent_7  agent_8  run_elapsed_seconds
   1 [1, 3, 8, 7, 2, 4, 5, 6]       38       15       35       63       26       53       35       25          5316.537696
   2 [8, 4, 6, 2, 7, 1, 3, 5]      155       25       60       34       42       40       65       42          9010.251278
   3 [2, 8, 5, 3, 1, 6, 4, 7]       39       19       42       45       56       47       29       23          6108.605021
   4 [2, 1, 8, 6, 7, 4, 5, 3]       36       15       26       90       34       78       43       45          5455.504598
   5 [8, 6, 5, 3, 2, 1, 4, 7]       36       16       26       63       43       61       29       33          4420.666805

=== no_line_3 (mean U_AW = -0.79) ===
 run                    order  agent_1  agent_2  agent_3  agent_4  agent_5  agent_6  agent_7  agent_8  run_elapsed_seconds
   1 [4, 3, 1, 7, 2, 6, 8, 5]       19       29       20       37       -1       -1       47       -1         54957.789479
   2 [5, 1, 6, 4, 7, 3, 2, 8]       17       19       33       37       45       21       26       27          4591.501554
   3 [4, 2, 5, 8, 3, 7, 1, 6]       -1       23       22       -1       25       31       51       -1         12602.288867
   4 [1, 4, 3, 5, 6, 8, 2, 7]       15       39       25       21       25       92       53       29          7772.261806
   5 [1, 2, 3, 4, 5, 7, 8, 6]       14       22       25       25       28       29       43       88          5339.675725

=== new_maybe_3 (mean U_AW = -0.58) ===
 run                    order  agent_1  agent_2  agent_3  agent_4  agent_5  agent_6  agent_7  agent_8  run_elapsed_seconds
   1 [4, 2, 8, 7, 3, 1, 6, 5]       24       49       34       53       53       47       38       40          3458.677533
   2 [6, 7, 5, 8, 1, 4, 2, 3]       24       47       50      110       -1       -1       33       -1          5192.317517
   3 [8, 7, 1, 5, 6, 2, 3, 4]       23       -1       -1       56       53       40       40       30          6766.062911
   4 [2, 3, 7, 6, 4, 8, 5, 1]       37       66       -1       56      184       -1       57       -1          8048.317278
   5 [7, 6, 8, 3, 4, 5, 2, 1]       24      332      364       -1       -1       -1       29       -1          6629.140868

=== maybe_4 (mean U_AW = -0.44) ===
 run                    order  agent_1  agent_2  agent_3  agent_4  agent_5  agent_6  agent_7  agent_8  run_elapsed_seconds
   1 [7, 2, 5, 6, 3, 8, 1, 4]       15       28       33       87       56       20       17       17          7644.381329
   2 [6, 7, 3, 5, 1, 4, 8, 2]       15       29       34       48       52       19       17       17          7217.866310
   3 [7, 4, 3, 1, 5, 2, 6, 8]       15       39       35       45       67       20       17       17          7032.442716
   4 [5, 2, 3, 4, 6, 1, 8, 7]       15       24       33       46       67       19       17       17          4854.048022
   5 [5, 4, 7, 2, 1, 6, 8, 3]       15       24       53       61       51       20       17       17          4995.976724

=== no_line_1 (mean U_AW = -0.41) ===
 run                    order  agent_1  agent_2  agent_3  agent_4  agent_5  agent_6  agent_7  agent_8  run_elapsed_seconds
   1 [7, 4, 2, 3, 1, 8, 5, 6]       21       25       27       40       29       58       26       33          9746.413118
   2 [6, 5, 2, 8, 3, 4, 7, 1]       25       26       22       33       25       39       77       28          9103.271048
   3 [6, 7, 8, 1, 2, 5, 4, 3]       22       32       27       24       32       26       60       27          7299.402406
   4 [3, 6, 7, 1, 2, 5, 8, 4]       16       19       24       53       23       42       26       78         10484.826109
   5 [7, 2, 1, 8, 3, 4, 5, 6]       -1       -1       -1       -1       -1       -1       -1       -1          3669.679226

=== no_line_B (mean U_AW = -0.36) ===
 run                    order  agent_1  agent_2  agent_3  agent_4  agent_5  agent_6  agent_7  agent_8  run_elapsed_seconds
   1 [3, 2, 5, 1, 8, 7, 6, 4]       18       27       16       19       16       17      118       18          7049.738981
   2 [1, 3, 8, 4, 6, 2, 5, 7]       18       67       16       19       16       16       18       18          6169.535345
   3 [3, 6, 7, 1, 8, 5, 4, 2]       18      378       16       20       16       17       21       18         10925.112302
   4 [7, 3, 8, 1, 2, 6, 4, 5]       18       46       16       18       16       16       23       18          5315.286392
   5 [6, 3, 2, 5, 4, 1, 7, 8]       18       31       16       19       16       17      116       18          5918.711484

=== no_line_2 (mean U_AW = -0.05) ===
 run                    order  agent_1  agent_2  agent_3  agent_4  agent_5  agent_6  agent_7  agent_8  run_elapsed_seconds
   1 [6, 2, 4, 3, 5, 8, 7, 1]       16       15       31       27       28       10       17       12          2043.880001
   2 [8, 3, 4, 5, 1, 2, 6, 7]       33       15       30       44       44       32       30       12          2643.736626
   3 [5, 8, 4, 7, 1, 3, 2, 6]       12       15       -1       19       -1       -1       -1       12          7116.333937
   4 [7, 1, 5, 3, 4, 6, 2, 8]       12       15       25       19       43       34       44       12          2153.154909
   5 [3, 4, 5, 2, 8, 7, 6, 1]       45       15       32       79       34       30       57       12          2661.980438

=== no_line_A (mean U_AW = 1.32) ===
 run                    order  agent_1  agent_2  agent_3  agent_4  agent_5  agent_6  agent_7  agent_8  run_elapsed_seconds
   1 [7, 8, 3, 4, 6, 2, 5, 1]       15       15       15       17       15       17       18       28          1285.314432
   2 [5, 6, 3, 7, 2, 1, 8, 4]       15       15       15       17       17       20       28       61          1973.080581
   3 [7, 3, 5, 8, 2, 1, 4, 6]       15       15       15       20       15       17       18       46          1354.504450
   4 [5, 3, 7, 8, 1, 4, 2, 6]       15       15       15       18       15       74       18       26          1298.789975
   5 [5, 7, 1, 2, 6, 4, 8, 3]       15       15       15       15       24       24       18       31          1806.972033

=== no_line_C (mean U_AW = 1.99) ===
 run                    order  agent_1  agent_2  agent_3  agent_4  agent_5  agent_6  agent_7  agent_8  run_elapsed_seconds
   1 [4, 3, 6, 7, 8, 2, 5, 1]       22       26       14       46       15       28       19       32          2618.714522
   2 [1, 8, 6, 7, 4, 3, 2, 5]       22       21       14       20       15       35       22       25          2215.236676
   3 [1, 3, 8, 5, 4, 7, 6, 2]       22       23       14       28       15       21       21       27          2045.850118
   4 [6, 5, 2, 4, 8, 3, 7, 1]       22       25       14       25       15       19       21       37          2059.936770
   5 [5, 3, 8, 7, 4, 6, 1, 2]       22       22       14       36       15       30       56       22          1988.981499
